Rk,G,Date,Age,Tm,Loc,Opp,Margin,GS,MP,TSperc,eFGperc,ORBperc,DRBperc,TRBperc,ASTperc,STLperc,BLKperc,TOVperc,USGperc,ORtg,DRtg,GmSc
1,1,1996-11-01,33-258,CHI,@,BOS,W (+9),1,43:00,.541,.455,3.7,7.8,6.1,10.9,0.0,0.0,3.5,29.9,118,109,19.3
2,2,1996-11-02,33-259,CHI,,PHI,W (+29),1,30:00,.647,.625,3.6,3.2,3.4,30.3,6.3,0.0,8.7,31.1,128,83,23.1
3,3,1996-11-05,33-262,CHI,,VAN,W (+23),1,31:00,.597,.583,7.2,15.5,11.7,20.1,7.0,0.0,17.8,30.5,112,73,17.2
4,4,1996-11-06,33-263,CHI,@,MIA,W (+6),1,40:00,.638,.561,2.4,14.0,7.7,0.0,1.3,2.1,0.0,41.6,144,111,37.2
5,5,1996-11-08,33-265,CHI,@,DET,W (+18),1,36:00,.504,.464,3.8,9.1,6.8,38.1,1.6,0.0,0.0,21.5,136,101,14.6
6,6,1996-11-09,33-266,CHI,,BOS,W (+12),1,32:00,.485,.435,6.7,3.6,5.2,16.1,1.5,0.0,0.0,36.0,112,98,17.3
7,7,1996-11-11,33-268,CHI,,PHO,W (+18),1,35:00,.594,.595,2.7,3.1,2.9,30.4,1.5,2.2,12.1,31.5,109,91,18.5
8,8,1996-11-13,33-270,CHI,,MIA,W (+32),1,34:00,.466,.348,3.4,12.5,8.1,17.1,1.6,0.0,0.0,41.2,107,80,17.3
9,9,1996-11-15,33-272,CHI,@,CHH,W (+23),1,29:00,.710,.680,0.0,3.8,2.1,15.6,1.8,2.5,3.6,42.1,146,99,28.1
10,10,1996-11-16,33-273,CHI,,ATL,W (+28),1,35:00,.505,.478,0.0,13.7,8.2,15.9,1.6,0.0,7.5,38.5,99,82,14.7
11,11,1996-11-20,33-277,CHI,@,PHO,W (+14),1,35:00,.585,.552,2.9,8.6,5.8,23.8,1.4,1.8,5.9,38.9,122,102,25.6
12,12,1996-11-21,33-278,CHI,@,DEN,W (+18),1,34:00,.594,.522,12.0,9.0,10.5,18.4,2.9,2.1,7.1,34.3,126,95,25.4
13,13,1996-11-23,33-280,CHI,@,UTA,L (-5),1,39:00,.590,.531,2.9,16.6,9.3,30.6,2.8,2.0,5.1,47.3,123,114,32.1
14,14,1996-11-25,33-282,CHI,@,LAC,W (+4),1,43:00,.639,.558,2.5,15.9,9.1,16.7,2.6,7.1,6.0,35.6,132,91,32.5
15,15,1996-11-29,33-286,CHI,@,DAL,W (+19),1,40:00,.702,.652,0.0,15.8,8.7,16.3,2.5,0.0,7.2,28.6,146,99,29.6
16,16,1996-11-30,33-287,CHI,@,SAS,W (+9),1,38:00,.470,.429,0.0,25.8,13.2,18.7,0.0,0.0,2.6,46.5,99,98,19.9
17,17,1996-12-03,33-290,CHI,@,MIL,W (+3),1,41:00,.580,.481,6.5,13.8,10.0,27.2,0.0,0.0,8.0,41.1,122,117,28.5
18,18,1996-12-05,33-292,CHI,,LAC,W (+18),1,31:00,.448,.429,4.0,10.6,7.5,24.4,3.4,0.0,4.3,33.0,109,105,14.1
19,19,1996-12-07,33-294,CHI,,MIA,L (-3),1,42:00,.567,.533,2.7,19.9,11.6,23.3,0.0,0.0,0.0,39.8,129,107,26.8
20,20,1996-12-08,33-295,CHI,@,TOR,L (-8),1,41:00,.364,.324,0.0,23.4,11.7,30.1,2.6,3.5,14.4,23.5,82,100,11.4
21,21,1996-12-11,33-298,CHI,,MIN,W (+17),1,36:00,.724,.656,0.0,21.2,11.5,15.0,4.5,0.0,5.1,25.4,146,90,26.0
22,22,1996-12-13,33-300,CHI,@,NJN,W (+21),1,34:00,.659,.553,0.0,16.0,9.3,31.0,5.6,0.0,4.0,31.2,144,85,30.1
23,23,1996-12-14,33-301,CHI,,CHH,W (+5),1,41:00,.464,.385,4.3,21.0,11.3,28.8,6.6,0.0,3.1,34.3,110,83,24.6
24,24,1996-12-17,33-304,CHI,,LAL,W (+6),1,47:00,.393,.313,9.9,9.4,9.7,10.0,1.1,1.5,5.0,35.1,102,120,15.7
25,25,1996-12-19,33-306,CHI,@,CHH,W (+21),1,36:00,.582,.537,15.5,8.7,12.0,6.5,1.7,2.1,6.2,41.0,136,96,25.7
26,26,1996-12-21,33-308,CHI,@,PHI,W (+6),1,44:00,.477,.431,0.0,2.9,1.4,10.9,1.1,1.7,3.0,32.7,110,116,16.2
27,27,1996-12-23,33-310,CHI,,NJN,W (+32),1,33:00,.607,.556,6.5,3.7,5.2,19.8,0.0,0.0,13.2,30.2,120,95,16.5
28,28,1996-12-25,33-312,CHI,,DET,W (+12),1,46:00,.478,.429,12.8,10.7,11.9,7.3,1.3,0.0,14.2,27.3,103,105,13.7
29,29,1996-12-26,33-313,CHI,@,ATL,L (-5),1,40:00,.553,.440,0.0,8.4,4.1,4.4,2.8,2.0,0.0,34.5,133,125,23.6
30,30,1996-12-28,33-315,CHI,,CLE,W (+5),1,42:00,.666,.520,6.7,15.0,11.1,29.9,4.1,0.0,10.6,44.4,137,110,36.1
31,31,1996-12-30,33-317,CHI,,IND,W (+2),1,40:00,.455,.431,6.5,10.2,8.2,32.9,1.4,0.0,8.9,37.9,97,96,15.8
32,32,1997-01-03,33-321,CHI,,ORL,W (+21),1,35:00,.583,.556,3.8,9.1,6.8,27.2,3.2,2.0,9.6,27.3,132,103,19.1
33,33,1997-01-06,33-324,CHI,,UTA,W (+13),1,40:00,.508,.450,7.8,15.0,11.2,11.8,4.3,1.8,4.2,27.6,122,101,19.8
34,34,1997-01-10,33-328,CHI,@,MIL,W (+15),1,38:00,.575,.543,2.7,16.3,8.1,11.4,0.0,0.0,0.0,32.1,138,120,22.5
35,35,1997-01-11,33-329,CHI,,HOU,W (+24),1,39:00,.598,.560,0.0,16.4,8.4,28.5,2.7,0.0,10.1,34.5,121,94,24.6
36,36,1997-01-14,33-332,CHI,,WSB,W (+1),1,40:00,.612,.519,0.0,8.3,3.2,11.3,2.8,0.0,0.0,34.6,145,123,28.5
37,37,1997-01-15,33-333,CHI,@,MIN,W (+10),1,35:00,.568,.568,3.0,6.5,4.7,17.4,1.6,2.1,12.0,31.6,111,117,16.4
38,38,1997-01-17,33-335,CHI,,MIL,W (+27),1,36:00,.716,.700,4.3,19.5,13.0,47.8,3.1,0.0,5.6,25.0,150,85,27.5
39,39,1997-01-19,33-337,CHI,@,HOU,L (-16),1,43:00,.449,.340,6.3,29.2,16.5,23.2,1.2,1.7,3.3,30.2,111,111,21.3
40,40,1997-01-21,33-339,CHI,,NYK,W (+1),1,43:00,.732,.683,3.2,6.6,5.2,32.1,2.6,0.0,5.4,40.3,148,103,40.8
41,41,1997-01-23,33-341,CHI,@,CLE,W (+16),1,39:00,.546,.438,3.2,25.9,14.4,0.0,1.5,0.0,12.0,39.2,115,83,18.1
42,42,1997-01-25,33-343,CHI,,TOR,W (+12),1,31:00,.711,.719,4.3,7.9,6.2,19.7,3.3,0.0,0.0,25.8,139,103,22.1
43,43,1997-01-28,33-346,CHI,@,VAN,W (+15),1,32:00,.674,.658,3.9,10.2,7.3,16.1,6.2,0.0,8.8,30.2,132,95,24.4
44,44,1997-01-30,33-348,CHI,@,SAC,W (+18),1,40:00,.684,.605,0.0,16.4,9.0,8.3,4.0,0.0,7.9,28.9,133,99,25.7
45,45,1997-01-31,33-349,CHI,@,GSW,W (+23),1,32:00,.516,.500,0.0,13.3,7.0,33.3,4.9,0.0,10.3,26.6,119,96,16.3
46,46,1997-02-02,33-351,CHI,@,SEA,W (+7),1,45:00,.734,.714,9.7,11.2,10.5,21.7,1.3,0.0,3.2,35.8,147,106,37.2
47,47,1997-02-04,33-353,CHI,@,POR,W (+4),1,41:00,.559,.517,3.3,13.0,8.1,16.2,1.5,4.0,0.0,39.8,124,104,25.5
48,48,1997-02-05,33-354,CHI,@,LAL,L (-16),1,40:00,.507,.458,2.7,9.5,5.8,20.9,1.4,1.8,7.0,34.1,101,122,17.5
49,49,1997-02-11,33-360,CHI,,CHH,W (+3),1,42:00,.713,.688,0.0,17.3,8.0,20.1,3.9,0.0,14.2,38.2,129,109,32.5
50,50,1997-02-14,33-363,CHI,@,ATL,W (+1),1,45:00,.497,.482,7.3,12.4,9.8,18.4,2.5,0.0,11.7,34.6,102,102,19.2
51,51,1997-02-16,33-365,CHI,,ORL,W (+21),1,38:00,.475,.475,3.2,20.6,12.2,36.2,5.8,0.0,9.1,24.9,127,95,18.8
52,52,1997-02-18,34-001,CHI,,DEN,W (+11),1,32:00,.607,.583,6.8,13.6,9.7,47.4,4.9,0.0,0.0,25.7,159,128,27.5
53,53,1997-02-21,34-004,CHI,@,WSB,W (+4),1,45:00,.541,.518,2.9,8.4,5.7,17.0,1.2,0.0,5.7,37.6,115,113,22.2
54,54,1997-02-22,34-005,CHI,,GSW,W (+33),1,31:00,.819,.816,3.8,10.7,7.8,7.1,4.8,0.0,8.8,30.6,146,87,28.7
55,55,1997-02-24,34-007,CHI,,POR,W (+27),1,30:00,.598,.537,3.1,10.0,6.4,19.0,0.0,0.0,3.1,42.4,146,106,25.2
56,56,1997-02-27,34-010,CHI,@,CLE,L (-3),1,43:00,.397,.280,2.5,19.5,10.6,26.0,0.0,0.0,6.5,35.4,97,99,11.1
57,57,1997-02-28,34-011,CHI,,SAC,W (+18),1,35:00,.788,.775,3.6,21.9,14.0,30.3,1.4,1.8,8.3,28.7,153,108,32.0
58,58,1997-03-03,34-014,CHI,,MIL,W (+18),1,36:00,.716,.658,0.0,9.5,4.8,30.4,2.9,0.0,8.5,28.9,143,98,26.4
59,59,1997-03-05,34-016,CHI,,SAS,W (+42),1,23:00,.447,.441,3.9,3.6,3.7,30.5,4.5,0.0,0.0,30.1,121,81,11.9
60,60,1997-03-07,34-018,CHI,,IND,W (+8),1,44:00,.667,.548,2.9,7.1,5.3,24.8,2.4,1.8,12.3,33.1,133,108,29.5
61,61,1997-03-09,34-020,CHI,@,NYK,L (-4),1,46:00,.515,.452,4.9,11.6,7.9,24.0,1.2,0.0,2.8,36.1,120,114,24.1
62,62,1997-03-11,34-022,CHI,@,BOS,W (+11),1,43:00,.624,.587,0.0,9.3,5.1,29.1,3.4,0.0,7.2,26.4,136,108,28.4
63,63,1997-03-12,34-023,CHI,@,PHI,W (+4),1,37:00,.439,.396,0.0,13.8,7.3,13.7,2.8,1.9,13.2,35.3,91,111,10.9
64,64,1997-03-14,34-025,CHI,@,NJN,L (-1),1,39:00,.497,.485,4.6,14.5,9.5,35.6,0.0,1.6,2.7,39.2,118,114,23.8
65,65,1997-03-15,34-026,CHI,,ATL,W (+20),1,29:00,.455,.455,4.2,11.0,7.9,13.9,1.9,6.0,21.4,22.9,84,92,7.0
66,66,1997-03-18,34-029,CHI,,SEA,W (+2),1,50:00,.474,.357,18.0,22.1,20.1,9.5,0.0,0.0,19.2,38.6,95,96,16.8
67,67,1997-03-21,34-032,CHI,@,IND,W (+19),1,40:00,.578,.460,14.5,5.2,9.1,17.9,2.7,1.7,6.0,36.9,136,111,29.4
68,68,1997-03-22,34-033,CHI,,DET,W (+15),1,35:00,.528,.475,6.9,8.2,7.6,33.1,3.0,2.2,0.0,27.5,138,94,20.9
69,69,1997-03-25,34-036,CHI,,DAL,W (+2),1,36:00,.479,.450,0.0,2.8,1.5,15.4,4.8,0.0,8.7,29.2,107,109,11.8
70,70,1997-03-27,34-038,CHI,@,TOR,W (+13),1,41:00,.328,.294,8.6,18.6,13.8,13.7,0.0,3.7,24.7,26.8,68,97,3.3
71,71,1997-03-29,34-040,CHI,,NJN,W (+10),1,39:00,.470,.452,5.9,14.1,9.6,36.3,0.0,3.7,0.0,26.0,125,117,19.3
72,72,1997-04-01,34-043,CHI,,BOS,W (+5),1,27:00,.702,.727,0.0,27.4,16.7,12.4,3.4,0.0,11.8,26.5,125,96,18.3
73,73,1997-04-03,34-045,CHI,@,WSB,L (-8),1,39:00,.521,.483,0.0,3.2,1.6,28.7,2.7,1.6,5.8,42.2,106,122,22.6
74,74,1997-04-04,34-046,CHI,,CLE,W (+13),1,38:00,.604,.563,3.6,12.0,8.2,19.3,1.6,4.2,0.0,27.0,129,93,19.6
75,75,1997-04-06,34-048,CHI,@,ORL,W (+16),1,40:00,.713,.659,7.1,20.6,13.9,25.6,4.1,2.4,13.4,36.1,137,100,31.6
76,76,1997-04-07,34-049,CHI,,PHI,W (+26),1,30:00,.580,.580,9.6,16.7,13.1,9.9,4.9,5.0,7.2,34.3,132,98,24.3
77,77,1997-04-09,34-051,CHI,@,IND,W (+6),1,41:00,.511,.421,0.0,7.8,3.8,11.3,7.0,0.0,21.0,32.4,90,90,13.0
78,78,1997-04-10,34-052,CHI,@,NYK,W (+2),1,44:00,.559,.481,2.3,21.8,10.6,27.4,1.2,1.8,9.0,33.0,117,112,24.7
79,79,1997-04-13,34-055,CHI,@,DET,L (-17),1,38:00,.507,.438,2.9,25.9,13.9,30.3,0.0,0.0,18.4,27.5,100,125,13.2
80,80,1997-04-14,34-056,CHI,,TOR,W (+17),1,35:00,.603,.583,6.0,22.4,14.9,43.5,4.3,1.8,7.4,33.4,125,95,30.0
81,81,1997-04-16,34-058,CHI,@,MIA,L (-10),1,39:00,.452,.444,3.2,23.9,13.3,15.1,0.0,2.5,9.4,37.2,90,115,11.3
82,82,1997-04-19,34-061,CHI,,NYK,L (-2),1,39:00,.647,.659,0.0,9.7,4.9,16.2,2.6,0.0,13.6,36.5,104,111,21.0
1,1,1997-10-31,34-256,CHI,@,BOS,L (-7),1,42:00,.465,.304,2.5,12.2,7.4,18.3,2.5,1.6,8.5,36.0,104,98,18.6
2,2,1997-11-01,34-257,CHI,,PHI,W (+20),1,24:00,.538,.500,4.5,26.1,15.6,15.4,4.3,0.0,16.8,32.0,97,71,10.7
3,3,1997-11-03,34-259,CHI,,SAS,W (+4),1,48:00,.348,.321,6.9,23.6,13.5,26.1,5.9,3.1,6.7,41.0,82,72,17.4
4,4,1997-11-05,34-261,CHI,,ORL,W (+13),1,41:00,.501,.440,11.1,37.1,24.0,18.6,0.0,0.0,0.0,33.6,124,89,23.8
5,5,1997-11-07,34-263,CHI,@,ATL,L (-2),1,40:00,.481,.440,3.1,21.8,13.0,38.3,1.4,0.0,6.6,36.4,97,90,19.0
6,6,1997-11-08,34-264,CHI,,NJN,W (+13),1,33:00,.454,.385,4.2,14.5,9.7,9.5,3.3,0.0,10.8,24.9,103,97,8.8
7,7,1997-11-11,34-267,CHI,@,CLE,L (-21),1,34:00,.473,.412,5.8,16.1,10.1,6.7,1.6,0.0,13.0,29.2,94,113,10.0
8,8,1997-11-12,34-268,CHI,,WAS,L (-7),1,40:00,.421,.357,5.2,14.3,9.5,16.4,5.5,3.5,13.1,41.9,87,94,15.8
9,9,1997-11-14,34-270,CHI,,CHH,W (+13),1,38:00,.563,.542,2.8,9.2,5.9,34.2,1.4,1.6,7.4,32.1,122,104,22.2
10,10,1997-11-15,34-271,CHI,,CLE,W (+9),1,39:00,.464,.442,0.0,5.2,2.6,25.3,2.8,0.0,14.7,39.4,89,84,11.6
11,11,1997-11-20,34-276,CHI,@,PHO,L (-4),1,41:00,.506,.481,3.2,19.5,10.5,15.4,1.4,0.0,9.2,36.6,109,109,17.8
12,12,1997-11-21,34-277,CHI,@,LAC,W (+9),1,52:00,.528,.474,5.2,6.0,5.6,23.3,1.0,1.4,7.9,44.2,109,95,29.5
13,13,1997-11-23,34-279,CHI,@,SAC,W (+15),1,41:00,.680,.579,2.5,5.2,3.9,24.3,2.6,1.6,7.6,28.4,142,103,28.8
14,14,1997-11-25,34-281,CHI,@,SEA,L (-1),1,38:00,.470,.440,6.5,12.6,9.6,25.2,7.7,0.0,9.8,39.6,101,101,19.8
15,15,1997-11-28,34-284,CHI,@,IND,L (-11),1,42:00,.440,.423,2.5,15.2,8.8,10.7,2.6,0.0,3.3,34.4,93,106,14.3
16,16,1997-11-29,34-285,CHI,@,WAS,W (+5),1,37:00,.552,.500,0.0,10.2,5.5,19.4,2.8,0.0,7.1,34.2,114,90,18.8
17,17,1997-12-03,34-289,CHI,@,BOS,W (+10),1,40:00,.591,.548,13.0,10.5,11.5,24.2,2.6,1.6,22.2,34.0,104,93,20.6
18,18,1997-12-05,34-291,CHI,,MIL,W (+22),1,35:00,.349,.250,7.5,19.1,12.6,10.8,1.6,0.0,5.1,24.8,91,75,7.1
19,19,1997-12-09,34-295,CHI,,NYK,W (+18),1,37:00,.538,.435,3.3,8.1,6.0,25.9,1.4,0.0,12.9,38.6,108,94,16.7
20,20,1997-12-10,34-296,CHI,@,ORL,L (-8),1,37:00,.550,.353,3.2,2.9,3.1,23.0,1.5,0.0,11.7,31.5,119,127,16.8
21,21,1997-12-12,34-298,CHI,@,CHH,L (-2),1,41:00,.526,.500,8.4,17.6,12.8,42.0,0.0,0.0,13.1,35.5,103,96,17.8
22,22,1997-12-13,34-299,CHI,,TOR,W (+27),1,27:00,.310,.250,11.9,11.3,11.6,11.5,4.0,0.0,0.0,27.7,100,78,7.4
23,23,1997-12-15,34-301,CHI,,PHO,W (+7),1,36:00,.548,.435,9.3,14.8,12.4,23.5,5.2,1.8,6.6,35.3,122,95,27.1
24,24,1997-12-17,34-303,CHI,,LAL,W (+21),1,35:00,.660,.568,7.4,7.8,7.6,22.4,1.6,2.0,12.8,40.6,134,102,26.2
25,25,1997-12-20,34-306,CHI,@,NJN,W (+8),1,42:00,.476,.435,9.3,4.5,6.5,11.6,0.0,3.1,7.4,29.0,107,108,14.9
26,26,1997-12-23,34-309,CHI,,LAC,W (+5),1,40:00,.461,.375,13.8,14.6,14.1,19.8,0.0,2.1,6.4,31.9,121,111,20.5
27,27,1997-12-25,34-311,CHI,,MIA,W (+10),1,38:00,.475,.400,11.2,21.1,16.0,22.1,3.0,0.0,10.6,35.1,104,92,18.3
28,28,1997-12-27,34-313,CHI,,ATL,W (+7),1,36:00,.741,.692,5.6,6.2,5.9,20.5,4.7,2.0,11.2,43.2,140,101,37.5
29,29,1997-12-29,34-315,CHI,,DAL,W (+6),1,41:00,.606,.552,2.6,14.6,8.8,0.0,0.0,3.2,5.6,36.2,127,112,27.8
30,30,1997-12-30,34-316,CHI,@,MIN,L (-4),1,39:00,.489,.411,0.0,14.5,6.2,5.5,0.0,0.0,8.2,42.1,101,116,15.1
31,31,1998-01-02,34-319,CHI,,MIL,W (+14),1,43:00,.769,.705,3.2,10.9,7.3,4.8,2.4,0.0,0.0,28.5,172,105,38.0
32,32,1998-01-03,34-320,CHI,@,DET,W (+9),1,47:00,.570,.480,0.0,20.9,11.6,30.9,1.1,2.8,11.8,33.0,120,103,27.5
33,33,1998-01-06,34-323,CHI,,BOS,W (+11),1,41:00,.520,.385,2.4,5.6,3.9,17.9,4.2,0.0,14.1,22.9,112,95,14.8
34,34,1998-01-07,34-324,CHI,@,MIA,L (-27),1,37:00,.459,.463,5.9,8.6,7.0,7.9,1.7,0.0,3.4,39.4,102,132,13.8
35,35,1998-01-09,34-326,CHI,@,NYK,W (+1),1,41:00,.588,.530,3.4,10.3,6.9,14.5,3.8,1.8,2.6,46.0,115,94,31.8
36,36,1998-01-10,34-327,CHI,,GSW,W (+5),1,38:00,.452,.419,10.3,5.7,8.1,22.9,0.0,0.0,2.7,44.1,105,108,18.4
37,37,1998-01-13,34-330,CHI,,SEA,W (+10),1,38:00,.573,.444,2.9,0.0,1.5,13.4,0.0,0.0,2.8,40.9,129,110,24.2
38,38,1998-01-15,34-332,CHI,@,PHI,L (-10),1,38:00,.404,.391,6.0,18.4,12.6,19.0,2.8,0.0,13.9,32.6,91,115,10.6
39,39,1998-01-16,34-333,CHI,@,MIL,W (+10),1,40:00,.585,.525,0.0,24.6,12.6,10.4,1.4,1.9,11.5,32.1,110,99,17.9
40,40,1998-01-18,34-335,CHI,,HOU,W (+6),1,41:00,.656,.586,0.0,10.6,5.6,15.8,4.2,2.3,10.4,47.5,119,117,32.6
41,41,1998-01-21,34-338,CHI,,CHH,W (+31),1,31:00,.666,.630,4.2,12.1,8.8,39.8,5.1,2.0,3.9,37.3,140,80,30.5
42,42,1998-01-23,34-340,CHI,@,NJN,W (+2),1,44:00,.557,.435,0.0,12.8,6.8,4.6,1.2,1.7,12.2,36.1,102,103,18.6
43,43,1998-01-25,34-342,CHI,,UTA,L (-7),1,44:00,.550,.500,6.3,6.4,6.3,29.6,2.5,0.0,9.4,31.3,116,116,23.6
44,44,1998-01-27,34-344,CHI,@,VAN,W (+18),1,32:00,.567,.467,0.0,0.0,0.0,13.4,1.6,2.1,5.4,25.1,123,95,15.1
45,45,1998-01-29,34-346,CHI,@,POR,W (+13),1,39:00,.535,.458,2.7,12.3,7.2,20.1,1.4,0.0,0.0,30.8,127,100,21.9
46,46,1998-01-30,34-347,CHI,@,GSW,W (+7),1,41:00,.321,.118,6.2,13.0,9.2,12.7,4.1,1.6,8.4,23.9,90,91,9.9
47,47,1998-02-01,34-349,CHI,@,LAL,L (-25),1,37:00,.496,.423,0.0,14.4,6.9,13.9,1.4,0.0,3.1,37.4,112,124,18.9
48,48,1998-02-02,34-350,CHI,@,DEN,W (+39),1,33:00,.545,.500,3.5,15.5,9.9,13.1,1.6,0.0,0.0,18.1,132,80,13.5
49,49,1998-02-04,34-352,CHI,@,UTA,L (-8),1,43:00,.505,.473,5.9,16.9,11.0,18.6,2.6,1.9,2.5,44.3,112,115,26.4
50,50,1998-02-10,34-358,CHI,,TOR,W (+7),1,34:00,.388,.381,4.8,9.4,6.8,5.1,3.1,0.0,7.9,29.8,89,94,7.9
51,51,1998-02-11,34-359,CHI,@,CHH,W (+2),1,41:00,.559,.500,3.2,8.8,6.1,28.0,0.0,0.0,3.7,31.9,121,109,21.2
52,52,1998-02-13,34-361,CHI,,ATL,W (+2),1,36:00,.678,.636,11.4,13.3,12.4,6.0,1.5,0.0,6.8,37.8,135,123,29.0
53,53,1998-02-15,34-363,CHI,,DET,W (+9),1,41:00,.512,.412,3.2,33.0,18.5,19.6,3.7,0.0,12.8,26.1,101,90,17.8
54,54,1998-02-17,35-000,CHI,,IND,W (+8),1,39:00,.555,.565,7.5,7.0,7.2,26.4,1.5,2.3,7.6,31.8,127,119,19.6
55,55,1998-02-19,35-002,CHI,@,TOR,W (+37),1,28:00,.687,.611,0.0,14.3,7.2,23.5,0.0,0.0,7.9,17.4,151,93,14.2
56,56,1998-02-21,35-004,CHI,@,WAS,W (+6),1,42:00,.377,.348,7.3,12.2,9.7,11.9,1.2,3.2,3.8,27.5,92,100,11.2
57,57,1998-02-23,35-006,CHI,,CLE,W (+22),1,29:00,.539,.500,8.7,18.8,14.1,37.6,0.0,3.0,11.3,28.0,114,85,14.2
58,58,1998-02-25,35-008,CHI,,POR,L (-5),1,42:00,.493,.346,2.4,11.4,5.9,13.3,5.2,2.2,8.2,39.1,106,118,22.2
59,59,1998-02-28,35-011,CHI,,SAC,W (+15),1,39:00,.668,.588,3.1,2.9,3.0,8.0,0.0,0.0,8.7,25.8,133,110,19.7
60,60,1998-03-03,35-014,CHI,,DEN,W (+28),1,40:00,.693,.632,0.0,17.5,9.9,7.8,2.6,0.0,8.5,25.2,139,96,24.6
61,61,1998-03-08,35-019,CHI,@,NYK,W (+13),1,43:00,.568,.530,7.6,15.1,11.0,30.4,3.9,1.8,5.1,41.5,128,97,34.0
62,62,1998-03-10,35-021,CHI,,MIA,W (+15),1,39:00,.599,.583,0.0,12.6,6.9,21.3,1.4,2.1,3.1,39.6,127,108,26.7
63,63,1998-03-12,35-023,CHI,@,DAL,L (-7),1,47:00,.451,.438,6.9,6.4,6.7,12.7,1.1,1.3,3.4,26.4,105,104,15.7
64,64,1998-03-14,35-025,CHI,@,SAS,W (+10),1,42:00,.598,.545,6.5,8.4,7.5,14.1,2.8,1.7,10.7,31.3,125,106,22.3
65,65,1998-03-16,35-027,CHI,,NJN,W (+16),1,33:00,.459,.400,7.5,17.3,12.6,5.8,1.6,0.0,17.8,32.0,84,82,7.9
66,66,1998-03-17,35-028,CHI,@,IND,W (+6),1,42:00,.548,.518,3.2,9.3,6.3,11.4,1.4,0.0,5.9,41.7,115,110,21.4
67,67,1998-03-20,35-031,CHI,,VAN,W (+6),1,39:00,.690,.654,0.0,10.0,6.5,15.9,0.0,1.9,14.7,27.9,117,114,17.5
68,68,1998-03-22,35-033,CHI,@,TOR,W (+2),1,41:00,.531,.464,0.0,9.4,5.1,13.6,6.3,4.1,6.0,34.9,114,101,25.8
69,69,1998-03-23,35-034,CHI,,BOS,W (+23),1,36:00,.524,.500,3.3,24.2,12.8,9.4,3.0,2.3,8.0,30.5,115,96,17.2
70,70,1998-03-25,35-036,CHI,@,ORL,W (+15),1,38:00,.396,.405,6.6,14.0,10.7,37.6,7.7,0.0,0.0,28.8,103,75,17.8
71,71,1998-03-27,35-038,CHI,@,ATL,W (+15),1,43:00,.543,.500,2.6,13.5,7.3,22.9,0.0,2.0,6.0,38.3,113,92,21.6
72,72,1998-03-29,35-040,CHI,@,MIL,W (+17),1,35:00,.573,.542,3.4,2.9,3.2,0.0,2.9,0.0,0.0,32.0,126,97,19.8
73,73,1998-03-31,35-042,CHI,,DET,W (+5),1,47:00,.468,.423,2.9,6.3,4.5,33.9,4.7,3.4,12.6,33.0,99,100,18.5
74,74,1998-04-03,35-045,CHI,,MIN,W (+14),1,38:00,.719,.680,8.2,10.5,9.2,24.3,1.5,0.0,0.0,33.2,169,116,35.9
75,75,1998-04-05,35-047,CHI,@,HOU,W (+15),1,37:00,.611,.581,6.2,7.9,6.9,18.8,4.1,0.0,5.8,42.2,118,101,29.4
76,76,1998-04-07,35-049,CHI,,WAS,W (+18),1,33:00,.612,.548,4.0,9.9,7.3,18.2,1.5,2.4,7.5,36.7,124,90,22.7
77,77,1998-04-09,35-051,CHI,@,CLE,L (-6),1,37:00,.495,.417,0.0,22.9,10.2,25.9,0.0,0.0,12.0,41.8,97,110,14.4
78,78,1998-04-11,35-053,CHI,,ORL,W (+9),1,35:00,.629,.660,3.3,10.5,6.9,16.7,6.4,0.0,0.0,42.0,125,86,29.3
79,79,1998-04-13,35-055,CHI,,IND,L (-9),1,41:00,.537,.395,0.0,14.6,7.0,14.2,4.0,0.0,13.7,34.1,105,127,18.0
80,80,1998-04-15,35-057,CHI,@,DET,L (-8),1,43:00,.323,.280,8.9,5.3,7.3,17.1,1.3,0.0,6.4,34.8,79,108,5.9
81,81,1998-04-17,35-059,CHI,@,PHI,W (+7),1,39:00,.533,.474,3.1,17.1,9.7,11.8,7.1,0.0,15.1,30.7,102,84,16.1
82,82,1998-04-18,35-060,CHI,,NYK,W (+2),1,40:00,.637,.458,0.0,9.5,4.9,17.3,1.3,0.0,2.8,40.0,134,118,33.4